1.000000000000000000e+00 5.120000000000000000e+02 -5.857125106134351000e+01 -6.009310940439148396e+01
2.000000000000000000e+00 2.000000000000000000e+00 -5.857125106134351000e+01 -6.009310940439148396e+01
4.000000000000000000e+00 3.200000000000000000e+01 -5.857125106134351000e+01 -6.009310940439148396e+01
8.000000000000000000e+00 8.192000000000000000e+03 -5.857125106134351000e+01 -6.009310940439148396e+01
1.600000000000000000e+01 1.024000000000000000e+03 -5.857125106134351000e+01 -6.009310940439148396e+01
3.200000000000000000e+01 4.000000000000000000e+00 -5.857125106134351000e+01 -6.009310940439148396e+01
6.400000000000000000e+01 6.400000000000000000e+01 -5.857125106134351000e+01 -6.009310940439148396e+01
1.280000000000000000e+02 1.638400000000000000e+04 -5.857125106134351000e+01 -6.009310940439148396e+01
2.560000000000000000e+02 2.560000000000000000e+02 -5.857125106134351000e+01 -6.009310940439148396e+01
5.120000000000000000e+02 1.000000000000000000e+00 -5.857125106134351000e+01 -6.009310940439148396e+01
1.024000000000000000e+03 1.600000000000000000e+01 -5.857125106134351000e+01 -6.009310940439148396e+01
2.048000000000000000e+03 4.096000000000000000e+03 -5.857125106134351000e+01 -6.009310940439148396e+01
4.096000000000000000e+03 2.048000000000000000e+03 -5.857125106134351000e+01 -6.009310940439148396e+01
8.192000000000000000e+03 8.000000000000000000e+00 -5.857125106134351000e+01 -6.009310940439148396e+01
1.638400000000000000e+04 1.280000000000000000e+02 -5.857125106134351000e+01 -6.009310940439148396e+01
3.276800000000000000e+04 3.276800000000000000e+04 -5.857125106134351000e+01 -6.009310940439148396e+01

