9.800000000000000000e+01 9.800000000000000000e+01 -5.096915282666971336e+01 -5.227932821317444478e+01
1.000000000000000000e+02 1.000000000000000000e+02 -5.096915282666971336e+01 -5.227932821317444478e+01
1.450000000000000000e+02 1.450000000000000000e+02 -5.096915282666971336e+01 -5.227932821317444478e+01
1.520000000000000000e+02 1.520000000000000000e+02 -5.096915282666971336e+01 -5.227932821317444478e+01
4.010000000000000000e+02 1.450000000000000000e+02 -5.102769486555862244e+01 -5.227932821317444478e+01
6.100000000000000000e+02 9.800000000000000000e+01 -5.102769486555862244e+01 -5.227932821317444478e+01
8.320000000000000000e+02 3.520000000000000000e+02 -5.095174074130240882e+01 -5.227932821317444478e+01
8.320000000000000000e+02 3.540000000000000000e+02 -4.710370204832646124e+01 -4.837243761756592164e+01
8.960000000000000000e+02 6.560000000000000000e+02 -5.095174074130240882e+01 -5.227932821317444478e+01
8.960000000000000000e+02 6.570000000000000000e+02 -4.710370204832646124e+01 -4.837243761756592164e+01
1.124000000000000000e+03 1.000000000000000000e+02 -5.102769486555862244e+01 -5.227932821317444478e+01
2.200000000000000000e+03 1.520000000000000000e+02 -5.102769486555862244e+01 -5.227932821317444478e+01
3.088000000000000000e+03 1.168000000000000000e+03 -5.095174074130240882e+01 -5.227932821317444478e+01
3.088000000000000000e+03 1.176000000000000000e+03 -4.710370204832646124e+01 -4.837243761756592164e+01
3.104000000000000000e+03 2.144000000000000000e+03 -5.095174074130240882e+01 -5.227932821317444478e+01
3.104000000000000000e+03 2.148000000000000000e+03 -4.710370204832646124e+01 -4.837243761756592164e+01
4.225000000000000000e+03 1.450000000000000000e+02 -5.090897909853349290e+01 -5.227932821317444478e+01
4.232000000000000000e+03 4.108000000000000000e+03 -5.095196322828306279e+01 -5.227932821317444478e+01
4.232000000000000000e+03 4.236000000000000000e+03 -4.710411475667380188e+01 -4.837243761756592164e+01
4.232000000000000000e+03 6.152000000000000000e+03 -5.101100471494339672e+01 -5.227932821317444478e+01
4.232000000000000000e+03 6.156000000000000000e+03 -4.716149004879987672e+01 -4.837243761756592164e+01
4.232000000000000000e+03 6.280000000000000000e+03 -4.716148922315957748e+01 -4.837243761756592164e+01
4.232000000000000000e+03 6.284000000000000000e+03 -4.331028988679764780e+01 -4.446554702195740560e+01
4.241000000000000000e+03 1.450000000000000000e+02 -5.102769493036429793e+01 -5.227932821317444478e+01
4.248000000000000000e+03 1.520000000000000000e+02 -5.102769497914621866e+01 -5.227932821317444478e+01
4.481000000000000000e+03 1.450000000000000000e+02 -5.096917326766561018e+01 -5.227932821317444478e+01
4.497000000000000000e+03 1.450000000000000000e+02 -5.108456493603893023e+01 -5.227932821317444478e+01
6.280000000000000000e+03 4.108000000000000000e+03 -5.101100535185970131e+01 -5.227932821317444478e+01
6.280000000000000000e+03 4.236000000000000000e+03 -4.716148995146357237e+01 -4.837243761756592164e+01
6.280000000000000000e+03 6.152000000000000000e+03 -5.106837981876809351e+01 -5.227932821317444478e+01
6.280000000000000000e+03 6.156000000000000000e+03 -4.721718048267296552e+01 -4.837243761756592164e+01
6.280000000000000000e+03 6.280000000000000000e+03 -4.721717973838483573e+01 -4.837243761756592164e+01
6.280000000000000000e+03 6.284000000000000000e+03 -4.336428185031842020e+01 -4.446554702195740560e+01
6.296000000000000000e+03 1.520000000000000000e+02 -5.101588520613074706e+01 -5.227932821317444478e+01
7.168000000000000000e+03 5.124000000000000000e+03 -5.090897909853349290e+01 -5.227932821317444478e+01
7.168000000000000000e+03 5.132000000000000000e+03 -4.706228107987117681e+01 -4.837243761756592164e+01
7.168000000000000000e+03 5.252000000000000000e+03 -4.706228267205708704e+01 -4.837243761756592164e+01
7.168000000000000000e+03 5.260000000000000000e+03 -4.321391320186135943e+01 -4.446554702195740560e+01
7.168000000000000000e+03 7.168000000000000000e+03 -5.096915282666971336e+01 -5.227932821317444478e+01
7.168000000000000000e+03 7.172000000000000000e+03 -4.712080433475577479e+01 -4.837243761756592164e+01
7.168000000000000000e+03 7.176000000000000000e+03 -4.712080438353770262e+01 -4.837243761756592164e+01
7.168000000000000000e+03 7.180000000000000000e+03 -4.327078385535339322e+01 -4.446554702195740560e+01
7.168000000000000000e+03 7.296000000000000000e+03 -4.712080426995009930e+01 -4.837243761756592164e+01
7.168000000000000000e+03 7.300000000000000000e+03 -4.327078374482189105e+01 -4.446554702195740560e+01
7.168000000000000000e+03 7.304000000000000000e+03 -4.320210401491371499e+01 -4.446554702195740560e+01
7.168000000000000000e+03 7.308000000000000000e+03 -3.935242621479464731e+01 -4.055865642634888957e+01
7.184000000000000000e+03 1.168000000000000000e+03 -5.101059264393498438e+01 -5.227932821317444478e+01
7.184000000000000000e+03 1.176000000000000000e+03 -4.716092309548286465e+01 -4.837243761756592164e+01
8.258000000000000000e+03 9.800000000000000000e+01 -5.090897909853349290e+01 -5.227932821317444478e+01
8.260000000000000000e+03 8.204000000000000000e+03 -5.095196322828306279e+01 -5.227932821317444478e+01
8.260000000000000000e+03 8.268000000000000000e+03 -4.710411475667380188e+01 -4.837243761756592164e+01
8.260000000000000000e+03 9.220000000000000000e+03 -5.101100471494339672e+01 -5.227932821317444478e+01
8.260000000000000000e+03 9.228000000000000000e+03 -4.716149004879987672e+01 -4.837243761756592164e+01
8.260000000000000000e+03 9.284000000000000000e+03 -4.716148922315957748e+01 -4.837243761756592164e+01
8.260000000000000000e+03 9.292000000000000000e+03 -4.331028988679764780e+01 -4.446554702195740560e+01
8.290000000000000000e+03 9.800000000000000000e+01 -5.102769493036429793e+01 -5.227932821317444478e+01
8.292000000000000000e+03 1.000000000000000000e+02 -5.102769497914621866e+01 -5.227932821317444478e+01
8.770000000000000000e+03 9.800000000000000000e+01 -5.096917326766561018e+01 -5.227932821317444478e+01
8.802000000000000000e+03 9.800000000000000000e+01 -5.108456493603893023e+01 -5.227932821317444478e+01
9.284000000000000000e+03 8.204000000000000000e+03 -5.101100535185970131e+01 -5.227932821317444478e+01
9.284000000000000000e+03 8.268000000000000000e+03 -4.716148995146357237e+01 -4.837243761756592164e+01
9.284000000000000000e+03 9.220000000000000000e+03 -5.106837981876809351e+01 -5.227932821317444478e+01
9.284000000000000000e+03 9.228000000000000000e+03 -4.721718048267296552e+01 -4.837243761756592164e+01
9.284000000000000000e+03 9.284000000000000000e+03 -4.721717973838483573e+01 -4.837243761756592164e+01
9.284000000000000000e+03 9.292000000000000000e+03 -4.336428185031842020e+01 -4.446554702195740560e+01
9.316000000000000000e+03 1.000000000000000000e+02 -5.101588520613074706e+01 -5.227932821317444478e+01
1.126400000000000000e+04 1.024800000000000000e+04 -5.090897909853349290e+01 -5.227932821317444478e+01
1.126400000000000000e+04 1.025200000000000000e+04 -4.706228107987117681e+01 -4.837243761756592164e+01
1.126400000000000000e+04 1.031200000000000000e+04 -4.706228267205708704e+01 -4.837243761756592164e+01
1.126400000000000000e+04 1.031600000000000000e+04 -4.321391320186135232e+01 -4.446554702195740560e+01
1.126400000000000000e+04 1.126400000000000000e+04 -5.096915282666971336e+01 -5.227932821317444478e+01
1.126400000000000000e+04 1.126800000000000000e+04 -4.712080438353770262e+01 -4.837243761756592164e+01
1.126400000000000000e+04 1.127200000000000000e+04 -4.712080433475577479e+01 -4.837243761756592164e+01
1.126400000000000000e+04 1.127600000000000000e+04 -4.327078385535339322e+01 -4.446554702195740560e+01
1.126400000000000000e+04 1.132800000000000000e+04 -4.712080426995009930e+01 -4.837243761756592164e+01
1.126400000000000000e+04 1.133200000000000000e+04 -4.320210401491371499e+01 -4.446554702195740560e+01
1.126400000000000000e+04 1.133600000000000000e+04 -4.327078374482189105e+01 -4.446554702195740560e+01
1.126400000000000000e+04 1.134000000000000000e+04 -3.935242621479464731e+01 -4.055865642634888957e+01
1.129600000000000000e+04 2.144000000000000000e+03 -5.101059264393498438e+01 -5.227932821317444478e+01
1.129600000000000000e+04 2.148000000000000000e+03 -4.716092309548286465e+01 -4.837243761756592164e+01
1.641800000000000000e+04 1.638700000000000000e+04 -5.095196322828306279e+01 -5.227932821317444478e+01
1.641800000000000000e+04 1.641900000000000000e+04 -4.710411475667380188e+01 -4.837243761756592164e+01
1.641800000000000000e+04 1.689800000000000000e+04 -5.101100471494339672e+01 -5.227932821317444478e+01
1.641800000000000000e+04 1.689900000000000000e+04 -4.716149004879987672e+01 -4.837243761756592164e+01
1.641800000000000000e+04 1.693000000000000000e+04 -4.716148922315957748e+01 -4.837243761756592164e+01
1.641800000000000000e+04 1.693100000000000000e+04 -4.331028988679764780e+01 -4.446554702195740560e+01
1.642000000000000000e+04 1.000000000000000000e+02 -5.090897909853349290e+01 -5.227932821317444478e+01
1.648200000000000000e+04 9.800000000000000000e+01 -5.102769497914621866e+01 -5.227932821317444478e+01
1.648400000000000000e+04 1.000000000000000000e+02 -5.102769493036429793e+01 -5.227932821317444478e+01
1.693000000000000000e+04 1.638700000000000000e+04 -5.101100535185970131e+01 -5.227932821317444478e+01
1.693000000000000000e+04 1.641900000000000000e+04 -4.716148995146357237e+01 -4.837243761756592164e+01
1.693000000000000000e+04 1.689800000000000000e+04 -5.106837981876809351e+01 -5.227932821317444478e+01
1.693000000000000000e+04 1.689900000000000000e+04 -4.721718048267296552e+01 -4.837243761756592164e+01
1.693000000000000000e+04 1.693000000000000000e+04 -4.721717973838483573e+01 -4.837243761756592164e+01
1.693000000000000000e+04 1.693100000000000000e+04 -4.336428185031842020e+01 -4.446554702195740560e+01
1.699400000000000000e+04 9.800000000000000000e+01 -5.101588520613074706e+01 -5.227932821317444478e+01
1.715200000000000000e+04 1.664100000000000000e+04 -5.090897909853349290e+01 -5.227932821317444478e+01
1.715200000000000000e+04 1.664300000000000000e+04 -4.706228107987117681e+01 -4.837243761756592164e+01
1.715200000000000000e+04 1.667300000000000000e+04 -4.706228267205708704e+01 -4.837243761756592164e+01
1.715200000000000000e+04 1.667500000000000000e+04 -4.321391320186135232e+01 -4.446554702195740560e+01
1.715200000000000000e+04 1.715200000000000000e+04 -5.096915282666971336e+01 -5.227932821317444478e+01
1.715200000000000000e+04 1.715300000000000000e+04 -4.712080433475577479e+01 -4.837243761756592164e+01
1.715200000000000000e+04 1.715400000000000000e+04 -4.712080438353770262e+01 -4.837243761756592164e+01
1.715200000000000000e+04 1.715500000000000000e+04 -4.327078385535339322e+01 -4.446554702195740560e+01
1.715200000000000000e+04 1.718400000000000000e+04 -4.712080426995009930e+01 -4.837243761756592164e+01
1.715200000000000000e+04 1.718500000000000000e+04 -4.327078374482189105e+01 -4.446554702195740560e+01
1.715200000000000000e+04 1.718600000000000000e+04 -4.320210401491371499e+01 -4.446554702195740560e+01
1.715200000000000000e+04 1.718700000000000000e+04 -3.935242621479464731e+01 -4.055865642634888957e+01
1.721600000000000000e+04 3.520000000000000000e+02 -5.101059264393498438e+01 -5.227932821317444478e+01
1.721600000000000000e+04 3.540000000000000000e+02 -4.716092309548286465e+01 -4.837243761756592164e+01
1.744400000000000000e+04 1.000000000000000000e+02 -5.096917326766561018e+01 -5.227932821317444478e+01
1.750800000000000000e+04 1.000000000000000000e+02 -5.108456493603893023e+01 -5.227932821317444478e+01
2.457800000000000000e+04 1.638700000000000000e+04 -5.089127595566886697e+01 -5.227932821317444478e+01
2.457800000000000000e+04 1.641900000000000000e+04 -4.704507322415901172e+01 -4.837243761756592164e+01
2.457800000000000000e+04 1.689800000000000000e+04 -5.095196322828306279e+01 -5.227932821317444478e+01
2.457800000000000000e+04 1.689900000000000000e+04 -4.710411549349888105e+01 -4.837243761756592164e+01
2.457800000000000000e+04 1.693000000000000000e+04 -4.710411475625118527e+01 -4.837243761756592164e+01
2.457800000000000000e+04 1.693100000000000000e+04 -4.325460001277915723e+01 -4.446554702195740560e+01
2.458000000000000000e+04 8.204000000000000000e+03 -5.089127595566886697e+01 -5.227932821317444478e+01
2.458000000000000000e+04 8.268000000000000000e+03 -4.704507322415901172e+01 -4.837243761756592164e+01
2.458000000000000000e+04 9.220000000000000000e+03 -5.095196322828306279e+01 -5.227932821317444478e+01
2.458000000000000000e+04 9.228000000000000000e+03 -4.710411549349888105e+01 -4.837243761756592164e+01
2.458000000000000000e+04 9.284000000000000000e+03 -4.710411475625118527e+01 -4.837243761756592164e+01
2.458000000000000000e+04 9.292000000000000000e+03 -4.325460001277915723e+01 -4.446554702195740560e+01
2.461000000000000000e+04 1.638700000000000000e+04 -5.101100608910739709e+01 -5.227932821317444478e+01
2.461000000000000000e+04 1.641900000000000000e+04 -4.716149060908995949e+01 -4.837243761756592164e+01
2.461000000000000000e+04 1.689800000000000000e+04 -5.106838064440839986e+01 -5.227932821317444478e+01
2.461000000000000000e+04 1.689900000000000000e+04 -4.721718134024686719e+01 -4.837243761756592164e+01
2.461000000000000000e+04 1.693000000000000000e+04 -4.721718048267296552e+01 -4.837243761756592164e+01
2.461000000000000000e+04 1.693100000000000000e+04 -4.336428262638714415e+01 -4.446554702195740560e+01
2.461200000000000000e+04 1.000000000000000000e+02 -5.096917167547969285e+01 -5.227932821317444478e+01
2.464200000000000000e+04 9.800000000000000000e+01 -5.096917167547969285e+01 -5.227932821317444478e+01
2.464400000000000000e+04 8.204000000000000000e+03 -5.101100608910739709e+01 -5.227932821317444478e+01
2.464400000000000000e+04 8.268000000000000000e+03 -4.716149060908995949e+01 -4.837243761756592164e+01
2.464400000000000000e+04 9.220000000000000000e+03 -5.106838064440839986e+01 -5.227932821317444478e+01
2.464400000000000000e+04 9.228000000000000000e+03 -4.721718134024686719e+01 -4.837243761756592164e+01
2.464400000000000000e+04 9.284000000000000000e+03 -4.721718048267296552e+01 -4.837243761756592164e+01
2.464400000000000000e+04 9.292000000000000000e+03 -4.336428262638714415e+01 -4.446554702195740560e+01
2.467400000000000000e+04 9.800000000000000000e+01 -5.108456504657042530e+01 -5.227932821317444478e+01
2.467600000000000000e+04 1.000000000000000000e+02 -5.108456504657042530e+01 -5.227932821317444478e+01
2.509000000000000000e+04 1.638700000000000000e+04 -5.095196381976753486e+01 -5.227932821317444478e+01
2.509000000000000000e+04 1.641900000000000000e+04 -4.710411543957723524e+01 -4.837243761756592164e+01
2.509000000000000000e+04 1.689800000000000000e+04 -5.101100535228231792e+01 -5.227932821317444478e+01
2.509000000000000000e+04 1.689900000000000000e+04 -4.716149060908995949e+01 -4.837243761756592164e+01
2.509000000000000000e+04 1.693000000000000000e+04 -4.716148995146357237e+01 -4.837243761756592164e+01
2.509000000000000000e+04 1.693100000000000000e+04 -4.331029053634583903e+01 -4.446554702195740560e+01
2.512200000000000000e+04 1.638700000000000000e+04 -5.106838120399619640e+01 -5.227932821317444478e+01
2.512200000000000000e+04 1.641900000000000000e+04 -4.721718113195435507e+01 -4.837243761756592164e+01
2.512200000000000000e+04 1.689800000000000000e+04 -5.112407107801469408e+01 -5.227932821317444478e+01
2.512200000000000000e+04 1.689900000000000000e+04 -4.727117322199566019e+01 -4.837243761756592164e+01
2.512200000000000000e+04 1.693000000000000000e+04 -4.727117244592692913e+01 -4.837243761756592164e+01
2.512200000000000000e+04 1.693100000000000000e+04 -4.341656606683778818e+01 -4.446554702195740560e+01
2.515400000000000000e+04 9.800000000000000000e+01 -5.102769439307839860e+01 -5.227932821317444478e+01
2.518600000000000000e+04 9.800000000000000000e+01 -5.107309800162020963e+01 -5.227932821317444478e+01
2.560400000000000000e+04 8.204000000000000000e+03 -5.095196381976753486e+01 -5.227932821317444478e+01
2.560400000000000000e+04 8.268000000000000000e+03 -4.710411543957723524e+01 -4.837243761756592164e+01
2.560400000000000000e+04 9.220000000000000000e+03 -5.101100535228231792e+01 -5.227932821317444478e+01
2.560400000000000000e+04 9.228000000000000000e+03 -4.716149060908995949e+01 -4.837243761756592164e+01
2.560400000000000000e+04 9.284000000000000000e+03 -4.716148995146357237e+01 -4.837243761756592164e+01
2.560400000000000000e+04 9.292000000000000000e+03 -4.331029053634583903e+01 -4.446554702195740560e+01
2.563600000000000000e+04 1.000000000000000000e+02 -5.102769439307839860e+01 -5.227932821317444478e+01
2.566800000000000000e+04 8.204000000000000000e+03 -5.106838120399619640e+01 -5.227932821317444478e+01
2.566800000000000000e+04 8.268000000000000000e+03 -4.721718113195435507e+01 -4.837243761756592164e+01
2.566800000000000000e+04 9.220000000000000000e+03 -5.112407107801469408e+01 -5.227932821317444478e+01
2.566800000000000000e+04 9.228000000000000000e+03 -4.727117322199566019e+01 -4.837243761756592164e+01
2.566800000000000000e+04 9.284000000000000000e+03 -4.727117244592692913e+01 -4.837243761756592164e+01
2.566800000000000000e+04 9.292000000000000000e+03 -4.341656606683778818e+01 -4.446554702195740560e+01
2.570000000000000000e+04 1.000000000000000000e+02 -5.107309800162020963e+01 -5.227932821317444478e+01
3.278500000000000000e+04 3.277100000000000000e+04 -5.095196322828306279e+01 -5.227932821317444478e+01
3.278500000000000000e+04 3.278700000000000000e+04 -4.710411475667380188e+01 -4.837243761756592164e+01
3.278500000000000000e+04 3.302500000000000000e+04 -5.101100471494339672e+01 -5.227932821317444478e+01
3.278500000000000000e+04 3.302700000000000000e+04 -4.716149004879987672e+01 -4.837243761756592164e+01
3.278500000000000000e+04 3.304100000000000000e+04 -4.716148922315957748e+01 -4.837243761756592164e+01
3.278500000000000000e+04 3.304300000000000000e+04 -4.331028988679764780e+01 -4.446554702195740560e+01
3.279200000000000000e+04 1.520000000000000000e+02 -5.090897909853349290e+01 -5.227932821317444478e+01
3.291300000000000000e+04 1.450000000000000000e+02 -5.102769497914621866e+01 -5.227932821317444478e+01
3.292000000000000000e+04 1.520000000000000000e+02 -5.102769493036429793e+01 -5.227932821317444478e+01
3.304100000000000000e+04 3.277100000000000000e+04 -5.101100535185970131e+01 -5.227932821317444478e+01
3.304100000000000000e+04 3.278700000000000000e+04 -4.716148995146357237e+01 -4.837243761756592164e+01
3.304100000000000000e+04 3.302500000000000000e+04 -5.106837981876809351e+01 -5.227932821317444478e+01
3.304100000000000000e+04 3.302700000000000000e+04 -4.721718048267296552e+01 -4.837243761756592164e+01
3.304100000000000000e+04 3.304100000000000000e+04 -4.721717973838483573e+01 -4.837243761756592164e+01
3.304100000000000000e+04 3.304300000000000000e+04 -4.336428185031842020e+01 -4.446554702195740560e+01
3.316900000000000000e+04 1.450000000000000000e+02 -5.101588520613074706e+01 -5.227932821317444478e+01
3.353600000000000000e+04 3.328200000000000000e+04 -5.090897909853349290e+01 -5.227932821317444478e+01
3.353600000000000000e+04 3.328300000000000000e+04 -4.706228107987117681e+01 -4.837243761756592164e+01
3.353600000000000000e+04 3.329800000000000000e+04 -4.706228267205708704e+01 -4.837243761756592164e+01
3.353600000000000000e+04 3.329900000000000000e+04 -4.321391320186135943e+01 -4.446554702195740560e+01
3.353600000000000000e+04 3.353600000000000000e+04 -5.096915282666971336e+01 -5.227932821317444478e+01
3.353600000000000000e+04 3.353700000000000000e+04 -4.712080438353770262e+01 -4.837243761756592164e+01
3.353600000000000000e+04 3.353800000000000000e+04 -4.712080433475577479e+01 -4.837243761756592164e+01
3.353600000000000000e+04 3.353900000000000000e+04 -4.327078385535339322e+01 -4.446554702195740560e+01
3.353600000000000000e+04 3.355200000000000000e+04 -4.712080426995009930e+01 -4.837243761756592164e+01
3.353600000000000000e+04 3.355300000000000000e+04 -4.320210401491371499e+01 -4.446554702195740560e+01
3.353600000000000000e+04 3.355400000000000000e+04 -4.327078374482189105e+01 -4.446554702195740560e+01
3.353600000000000000e+04 3.355500000000000000e+04 -3.935242621479464731e+01 -4.055865642634888957e+01
3.366400000000000000e+04 6.560000000000000000e+02 -5.101059264393498438e+01 -5.227932821317444478e+01
3.366400000000000000e+04 6.570000000000000000e+02 -4.716092309548286465e+01 -4.837243761756592164e+01
3.484000000000000000e+04 1.520000000000000000e+02 -5.096917326766561018e+01 -5.227932821317444478e+01
3.496800000000000000e+04 1.520000000000000000e+02 -5.108456493603893023e+01 -5.227932821317444478e+01
3.686500000000000000e+04 3.277100000000000000e+04 -5.089127595566886697e+01 -5.227932821317444478e+01
3.686500000000000000e+04 3.278700000000000000e+04 -4.704507322415901172e+01 -4.837243761756592164e+01
3.686500000000000000e+04 3.302500000000000000e+04 -5.095196322828306279e+01 -5.227932821317444478e+01
3.686500000000000000e+04 3.302700000000000000e+04 -4.710411549349888105e+01 -4.837243761756592164e+01
3.686500000000000000e+04 3.304100000000000000e+04 -4.710411475625119238e+01 -4.837243761756592164e+01
3.686500000000000000e+04 3.304300000000000000e+04 -4.325460001277915723e+01 -4.446554702195740560e+01
3.687200000000000000e+04 4.108000000000000000e+03 -5.089127595566886697e+01 -5.227932821317444478e+01
3.687200000000000000e+04 4.236000000000000000e+03 -4.704507322415901172e+01 -4.837243761756592164e+01
3.687200000000000000e+04 6.152000000000000000e+03 -5.095196322828306279e+01 -5.227932821317444478e+01
3.687200000000000000e+04 6.156000000000000000e+03 -4.710411549349888105e+01 -4.837243761756592164e+01
3.687200000000000000e+04 6.280000000000000000e+03 -4.710411475625119238e+01 -4.837243761756592164e+01
3.687200000000000000e+04 6.284000000000000000e+03 -4.325460001277915723e+01 -4.446554702195740560e+01
3.688100000000000000e+04 3.277100000000000000e+04 -5.101100608910739709e+01 -5.227932821317444478e+01
3.688100000000000000e+04 3.278700000000000000e+04 -4.716149060908995949e+01 -4.837243761756592164e+01
3.688100000000000000e+04 3.302500000000000000e+04 -5.106838064440839986e+01 -5.227932821317444478e+01
3.688100000000000000e+04 3.302700000000000000e+04 -4.721718134024686719e+01 -4.837243761756592164e+01
3.688100000000000000e+04 3.304100000000000000e+04 -4.721718048267296552e+01 -4.837243761756592164e+01
3.688100000000000000e+04 3.304300000000000000e+04 -4.336428262638714415e+01 -4.446554702195740560e+01
3.688800000000000000e+04 1.520000000000000000e+02 -5.096917167547969285e+01 -5.227932821317444478e+01
3.699300000000000000e+04 1.450000000000000000e+02 -5.096917167547969285e+01 -5.227932821317444478e+01
3.700000000000000000e+04 4.108000000000000000e+03 -5.101100608910739709e+01 -5.227932821317444478e+01
3.700000000000000000e+04 4.236000000000000000e+03 -4.716149060908995949e+01 -4.837243761756592164e+01
3.700000000000000000e+04 6.152000000000000000e+03 -5.106838064440839986e+01 -5.227932821317444478e+01
3.700000000000000000e+04 6.156000000000000000e+03 -4.721718134024686719e+01 -4.837243761756592164e+01
3.700000000000000000e+04 6.280000000000000000e+03 -4.721718048267296552e+01 -4.837243761756592164e+01
3.700000000000000000e+04 6.284000000000000000e+03 -4.336428262638714415e+01 -4.446554702195740560e+01
3.700900000000000000e+04 1.450000000000000000e+02 -5.108456504657042530e+01 -5.227932821317444478e+01
3.701600000000000000e+04 1.520000000000000000e+02 -5.108456504657042530e+01 -5.227932821317444478e+01
3.712100000000000000e+04 3.277100000000000000e+04 -5.095196381976753486e+01 -5.227932821317444478e+01
3.712100000000000000e+04 3.278700000000000000e+04 -4.710411543957723524e+01 -4.837243761756592164e+01
3.712100000000000000e+04 3.302500000000000000e+04 -5.101100535228231792e+01 -5.227932821317444478e+01
3.712100000000000000e+04 3.302700000000000000e+04 -4.716149060908995949e+01 -4.837243761756592164e+01
3.712100000000000000e+04 3.304100000000000000e+04 -4.716148995146357237e+01 -4.837243761756592164e+01
3.712100000000000000e+04 3.304300000000000000e+04 -4.331029053634583903e+01 -4.446554702195740560e+01
3.713700000000000000e+04 3.277100000000000000e+04 -5.106838120399619640e+01 -5.227932821317444478e+01
3.713700000000000000e+04 3.278700000000000000e+04 -4.721718113195435507e+01 -4.837243761756592164e+01
3.713700000000000000e+04 3.302500000000000000e+04 -5.112407107801469408e+01 -5.227932821317444478e+01
3.713700000000000000e+04 3.302700000000000000e+04 -4.727117322199566019e+01 -4.837243761756592164e+01
3.713700000000000000e+04 3.304100000000000000e+04 -4.727117244592692913e+01 -4.837243761756592164e+01
3.713700000000000000e+04 3.304300000000000000e+04 -4.341656606683778818e+01 -4.446554702195740560e+01
3.724900000000000000e+04 1.450000000000000000e+02 -5.102769439307839860e+01 -5.227932821317444478e+01
3.726500000000000000e+04 1.450000000000000000e+02 -5.107309800162020963e+01 -5.227932821317444478e+01
3.892000000000000000e+04 4.108000000000000000e+03 -5.095196381976753486e+01 -5.227932821317444478e+01
3.892000000000000000e+04 4.236000000000000000e+03 -4.710411543957723524e+01 -4.837243761756592164e+01
3.892000000000000000e+04 6.152000000000000000e+03 -5.101100535228231792e+01 -5.227932821317444478e+01
3.892000000000000000e+04 6.156000000000000000e+03 -4.716149060908995949e+01 -4.837243761756592164e+01
3.892000000000000000e+04 6.280000000000000000e+03 -4.716148995146357237e+01 -4.837243761756592164e+01
3.892000000000000000e+04 6.284000000000000000e+03 -4.331029053634583903e+01 -4.446554702195740560e+01
3.893600000000000000e+04 1.520000000000000000e+02 -5.102769439307839860e+01 -5.227932821317444478e+01
3.904800000000000000e+04 4.108000000000000000e+03 -5.106838120399619640e+01 -5.227932821317444478e+01
3.904800000000000000e+04 4.236000000000000000e+03 -4.721718113195435507e+01 -4.837243761756592164e+01
3.904800000000000000e+04 6.152000000000000000e+03 -5.112407107801469408e+01 -5.227932821317444478e+01
3.904800000000000000e+04 6.156000000000000000e+03 -4.727117322199566019e+01 -4.837243761756592164e+01
3.904800000000000000e+04 6.280000000000000000e+03 -4.727117244592692913e+01 -4.837243761756592164e+01
3.904800000000000000e+04 6.284000000000000000e+03 -4.341656606683778818e+01 -4.446554702195740560e+01
3.906400000000000000e+04 1.520000000000000000e+02 -5.107309800162020963e+01 -5.227932821317444478e+01
