2.560000000000000000e+02 3.200000000000000000e+01 0.000000000000000000e+00 8.131516293641283255e-19
2.560000000000000000e+02 6.400000000000000000e+01 0.000000000000000000e+00 8.131516293641283255e-19
2.560000000000000000e+02 1.280000000000000000e+02 0.000000000000000000e+00 8.131516293641283255e-19
5.120000000000000000e+02 1.600000000000000000e+01 0.000000000000000000e+00 8.131516293641283255e-19
5.120000000000000000e+02 6.400000000000000000e+01 0.000000000000000000e+00 8.131516293641283255e-19
5.120000000000000000e+02 1.280000000000000000e+02 0.000000000000000000e+00 8.131516293641283255e-19
1.024000000000000000e+03 1.600000000000000000e+01 0.000000000000000000e+00 8.131516293641283255e-19
1.024000000000000000e+03 3.200000000000000000e+01 0.000000000000000000e+00 8.131516293641283255e-19
1.024000000000000000e+03 1.280000000000000000e+02 0.000000000000000000e+00 8.131516293641283255e-19
2.048000000000000000e+03 1.600000000000000000e+01 0.000000000000000000e+00 8.131516293641283255e-19
2.048000000000000000e+03 3.200000000000000000e+01 0.000000000000000000e+00 8.131516293641283255e-19
2.048000000000000000e+03 6.400000000000000000e+01 0.000000000000000000e+00 8.131516293641283255e-19
