1.000000000000000000e+00 8.224000000000000000e+03 -5.138679178421622851e+01 -5.618621880878296082e+01
1.000000000000000000e+00 8.352000000000000000e+03 -4.766481159744660800e+01 -5.227932821317444478e+01
1.000000000000000000e+00 1.027200000000000000e+04 -4.793616504702811199e+01 -5.227932821317444478e+01
1.000000000000000000e+00 1.040000000000000000e+04 -4.402434133050248022e+01 -4.837243761756592164e+01
1.000000000000000000e+00 1.654400000000000000e+04 -4.784431307844685932e+01 -5.227932821317444478e+01
1.000000000000000000e+00 1.843200000000000000e+04 -5.167123786660604878e+01 -5.618621880878296082e+01
1.000000000000000000e+00 1.846400000000000000e+04 -4.803750169518539082e+01 -5.227932821317444478e+01
1.000000000000000000e+00 1.856000000000000000e+04 -4.786388294454843617e+01 -5.227932821317444478e+01
1.000000000000000000e+00 1.859200000000000000e+04 -4.423014677312778531e+01 -4.837243761756592164e+01
1.000000000000000000e+00 2.460800000000000000e+04 -4.803668877045740260e+01 -5.227932821317444478e+01
1.000000000000000000e+00 2.473600000000000000e+04 -4.423055832404090637e+01 -4.837243761756592164e+01
1.000000000000000000e+00 2.662400000000000000e+04 -4.803025854809001771e+01 -5.227932821317444478e+01
1.000000000000000000e+00 2.665600000000000000e+04 -4.431723358834885573e+01 -4.837243761756592164e+01
1.000000000000000000e+00 2.675200000000000000e+04 -4.411744346786184678e+01 -4.837243761756592164e+01
1.000000000000000000e+00 2.678400000000000000e+04 -4.040343821223964227e+01 -4.446554702195740560e+01
2.000000000000000000e+00 1.644800000000000000e+04 -5.138679178421622851e+01 -5.618621880878296082e+01
2.000000000000000000e+00 1.646400000000000000e+04 -4.766481159744660800e+01 -5.227932821317444478e+01
2.000000000000000000e+00 1.670400000000000000e+04 -4.793616504702811199e+01 -5.227932821317444478e+01
2.000000000000000000e+00 1.672000000000000000e+04 -4.402434133050248022e+01 -4.837243761756592164e+01
2.000000000000000000e+00 3.284800000000000000e+04 -4.784431307844685932e+01 -5.227932821317444478e+01
2.000000000000000000e+00 3.302400000000000000e+04 -5.167123786660604878e+01 -5.618621880878296082e+01
2.000000000000000000e+00 3.304000000000000000e+04 -4.786388294454843617e+01 -5.227932821317444478e+01
2.000000000000000000e+00 3.308800000000000000e+04 -4.803750169518539082e+01 -5.227932821317444478e+01
2.000000000000000000e+00 3.310400000000000000e+04 -4.423014677312778531e+01 -4.837243761756592164e+01
2.000000000000000000e+00 4.921600000000000000e+04 -4.803668877045740260e+01 -5.227932821317444478e+01
2.000000000000000000e+00 4.923200000000000000e+04 -4.423055832404090637e+01 -4.837243761756592164e+01
2.000000000000000000e+00 4.940800000000000000e+04 -4.803025854809001771e+01 -5.227932821317444478e+01
2.000000000000000000e+00 4.942400000000000000e+04 -4.411744346786184678e+01 -4.837243761756592164e+01
2.000000000000000000e+00 4.947200000000000000e+04 -4.431723358834885573e+01 -4.837243761756592164e+01
2.000000000000000000e+00 4.948800000000000000e+04 -4.040343821223964227e+01 -4.446554702195740560e+01
3.000000000000000000e+00 9.600000000000000000e+01 -5.204292960956919245e+01 -5.618621880878296082e+01
3.000000000000000000e+00 8.194000000000000000e+03 -5.479928952666440978e+01 -5.618621880878296082e+01
3.000000000000000000e+00 8.226000000000000000e+03 -5.093939839781195644e+01 -5.227932821317444478e+01
3.000000000000000000e+00 8.258000000000000000e+03 -5.116022180175985312e+01 -5.227932821317444478e+01
3.000000000000000000e+00 8.290000000000000000e+03 -4.730142027167121199e+01 -4.837243761756592164e+01
4.000000000000000000e+00 4.256000000000000000e+03 -4.784431307844685932e+01 -5.227932821317444478e+01
4.000000000000000000e+00 4.608000000000000000e+03 -5.167123786660604878e+01 -5.618621880878296082e+01
4.000000000000000000e+00 4.640000000000000000e+03 -4.786388294454843617e+01 -5.227932821317444478e+01
4.000000000000000000e+00 4.736000000000000000e+03 -4.803750169518539082e+01 -5.227932821317444478e+01
4.000000000000000000e+00 4.768000000000000000e+03 -4.423014677312778531e+01 -4.837243761756592164e+01
4.000000000000000000e+00 3.289600000000000000e+04 -5.138679178421622851e+01 -5.618621880878296082e+01
4.000000000000000000e+00 3.292800000000000000e+04 -4.766481159744660800e+01 -5.227932821317444478e+01
4.000000000000000000e+00 3.340800000000000000e+04 -4.793616504702811199e+01 -5.227932821317444478e+01
4.000000000000000000e+00 3.344000000000000000e+04 -4.402434133050248022e+01 -4.837243761756592164e+01
4.000000000000000000e+00 3.699200000000000000e+04 -4.803668877045740260e+01 -5.227932821317444478e+01
4.000000000000000000e+00 3.702400000000000000e+04 -4.423055832404090637e+01 -4.837243761756592164e+01
4.000000000000000000e+00 3.737600000000000000e+04 -4.803025854809001771e+01 -5.227932821317444478e+01
4.000000000000000000e+00 3.740800000000000000e+04 -4.411744346786184678e+01 -4.837243761756592164e+01
4.000000000000000000e+00 3.750400000000000000e+04 -4.431723358834885573e+01 -4.837243761756592164e+01
4.000000000000000000e+00 3.753600000000000000e+04 -4.040343821223964227e+01 -4.446554702195740560e+01
6.000000000000000000e+00 1.920000000000000000e+02 -5.204292960956919245e+01 -5.618621880878296082e+01
6.000000000000000000e+00 1.638800000000000000e+04 -5.479928952666440978e+01 -5.618621880878296082e+01
6.000000000000000000e+00 1.645200000000000000e+04 -5.093939839781195644e+01 -5.227932821317444478e+01
6.000000000000000000e+00 1.651600000000000000e+04 -5.116022180175985312e+01 -5.227932821317444478e+01
6.000000000000000000e+00 1.658000000000000000e+04 -4.730142027167121199e+01 -4.837243761756592164e+01
8.000000000000000000e+00 4.112000000000000000e+03 -5.138679178421622851e+01 -5.618621880878296082e+01
8.000000000000000000e+00 4.176000000000000000e+03 -4.766481159744660800e+01 -5.227932821317444478e+01
8.000000000000000000e+00 5.136000000000000000e+03 -4.793616504702811199e+01 -5.227932821317444478e+01
8.000000000000000000e+00 5.200000000000000000e+03 -4.402434133050248022e+01 -4.837243761756592164e+01
8.000000000000000000e+00 8.272000000000000000e+03 -4.784431307844685932e+01 -5.227932821317444478e+01
8.000000000000000000e+00 9.216000000000000000e+03 -5.167123786660604878e+01 -5.618621880878296082e+01
8.000000000000000000e+00 9.232000000000000000e+03 -4.803750169518539082e+01 -5.227932821317444478e+01
8.000000000000000000e+00 9.280000000000000000e+03 -4.786388294454843617e+01 -5.227932821317444478e+01
8.000000000000000000e+00 9.296000000000000000e+03 -4.423014677312778531e+01 -4.837243761756592164e+01
8.000000000000000000e+00 1.230400000000000000e+04 -4.803668877045740260e+01 -5.227932821317444478e+01
8.000000000000000000e+00 1.236800000000000000e+04 -4.423055832404090637e+01 -4.837243761756592164e+01
8.000000000000000000e+00 1.331200000000000000e+04 -4.803025854809001771e+01 -5.227932821317444478e+01
8.000000000000000000e+00 1.332800000000000000e+04 -4.431723358834885573e+01 -4.837243761756592164e+01
8.000000000000000000e+00 1.337600000000000000e+04 -4.411744346786184678e+01 -4.837243761756592164e+01
8.000000000000000000e+00 1.339200000000000000e+04 -4.040343821223964227e+01 -4.446554702195740560e+01
9.000000000000000000e+00 4.800000000000000000e+01 -5.204292960956919245e+01 -5.618621880878296082e+01
9.000000000000000000e+00 4.097000000000000000e+03 -5.479928952666440978e+01 -5.618621880878296082e+01
9.000000000000000000e+00 4.113000000000000000e+03 -5.093939839781195644e+01 -5.227932821317444478e+01
9.000000000000000000e+00 4.129000000000000000e+03 -5.116022180175985312e+01 -5.227932821317444478e+01
9.000000000000000000e+00 4.145000000000000000e+03 -4.730142027167121199e+01 -4.837243761756592164e+01
1.200000000000000000e+01 1.440000000000000000e+02 -5.204292960956919245e+01 -5.618621880878296082e+01
1.200000000000000000e+01 3.277600000000000000e+04 -5.479928952666440978e+01 -5.618621880878296082e+01
1.200000000000000000e+01 3.279200000000000000e+04 -5.116022180175985312e+01 -5.227932821317444478e+01
1.200000000000000000e+01 3.290400000000000000e+04 -5.093939839781195644e+01 -5.227932821317444478e+01
1.200000000000000000e+01 3.292000000000000000e+04 -4.730142027167121199e+01 -4.837243761756592164e+01
2.560000000000000000e+02 4.176000000000000000e+03 -5.074291223226521197e+01 -5.227932821317444478e+01
2.570000000000000000e+02 4.176000000000000000e+03 -5.098399132874686757e+01 -5.227932821317444478e+01
2.580000000000000000e+02 1.216000000000000000e+03 -5.106763588792323816e+01 -5.227932821317444478e+01
2.590000000000000000e+02 1.216000000000000000e+03 -5.115676694099602884e+01 -5.227932821317444478e+01
2.600000000000000000e+02 1.280000000000000000e+02 -5.529368237982475165e+01 -6.009310940439148396e+01
2.610000000000000000e+02 1.280000000000000000e+02 -5.547859278866364718e+01 -6.009310940439148396e+01
2.610000000000000000e+02 1.638400000000000000e+04 -5.855669342348225115e+01 -6.009310940439148396e+01
2.610000000000000000e+02 1.640000000000000000e+04 -5.489088192435538360e+01 -5.618621880878296082e+01
2.660000000000000000e+02 6.400000000000000000e+01 -5.565809426966389850e+01 -6.009310940439148396e+01
2.880000000000000000e+02 1.440000000000000000e+02 -5.479928952666440978e+01 -5.618621880878296082e+01
2.920000000000000000e+02 1.440000000000000000e+02 -5.484628899342046537e+01 -5.618621880878296082e+01
2.960000000000000000e+02 1.440000000000000000e+02 -5.506711239736836916e+01 -5.618621880878296082e+01
3.000000000000000000e+02 1.440000000000000000e+02 -5.511520146288825117e+01 -5.618621880878296082e+01
5.120000000000000000e+02 8.352000000000000000e+03 -5.074291223226521197e+01 -5.227932821317444478e+01
5.140000000000000000e+02 8.352000000000000000e+03 -5.098399132874686757e+01 -5.227932821317444478e+01
5.160000000000000000e+02 2.192000000000000000e+03 -5.106763588792323816e+01 -5.227932821317444478e+01
5.170000000000000000e+02 1.280000000000000000e+02 -5.565809426966389850e+01 -6.009310940439148396e+01
5.180000000000000000e+02 2.192000000000000000e+03 -5.115676694099602884e+01 -5.227932821317444478e+01
5.200000000000000000e+02 1.600000000000000000e+01 -5.529368237982475165e+01 -6.009310940439148396e+01
5.220000000000000000e+02 1.600000000000000000e+01 -5.547859278866364718e+01 -6.009310940439148396e+01
5.220000000000000000e+02 3.276800000000000000e+04 -5.855669342348225115e+01 -6.009310940439148396e+01
5.220000000000000000e+02 3.280000000000000000e+04 -5.489088192435538360e+01 -5.618621880878296082e+01
5.760000000000000000e+02 4.800000000000000000e+01 -5.479928952666440978e+01 -5.618621880878296082e+01
5.770000000000000000e+02 4.800000000000000000e+01 -5.506711239736836916e+01 -5.618621880878296082e+01
5.840000000000000000e+02 4.800000000000000000e+01 -5.484628899342046537e+01 -5.618621880878296082e+01
5.850000000000000000e+02 4.800000000000000000e+01 -5.511520146288825117e+01 -5.618621880878296082e+01
7.690000000000000000e+02 2.720000000000000000e+02 -5.491257288346643861e+01 -5.618621880878296082e+01
7.720000000000000000e+02 1.280000000000000000e+02 -5.585046996167442757e+01 -6.009310940439148396e+01
7.730000000000000000e+02 1.280000000000000000e+02 -5.595123011086646159e+01 -6.009310940439148396e+01
1.024000000000000000e+03 1.646400000000000000e+04 -5.074291223226521197e+01 -5.227932821317444478e+01
1.025000000000000000e+03 3.200000000000000000e+01 -5.529368237982475165e+01 -6.009310940439148396e+01
1.028000000000000000e+03 1.646400000000000000e+04 -5.098399132874686757e+01 -5.227932821317444478e+01
1.029000000000000000e+03 3.200000000000000000e+01 -5.547859278866364718e+01 -6.009310940439148396e+01
1.029000000000000000e+03 4.096000000000000000e+03 -5.855669342348225115e+01 -6.009310940439148396e+01
1.029000000000000000e+03 4.160000000000000000e+03 -5.489088192435538360e+01 -5.618621880878296082e+01
1.032000000000000000e+03 3.040000000000000000e+02 -5.106763588792323816e+01 -5.227932821317444478e+01
1.034000000000000000e+03 1.600000000000000000e+01 -5.565809426966389850e+01 -6.009310940439148396e+01
1.036000000000000000e+03 3.040000000000000000e+02 -5.115676694099602884e+01 -5.227932821317444478e+01
1.152000000000000000e+03 9.600000000000000000e+01 -5.479928952666440978e+01 -5.618621880878296082e+01
1.153000000000000000e+03 9.600000000000000000e+01 -5.484628899342046537e+01 -5.618621880878296082e+01
1.154000000000000000e+03 9.600000000000000000e+01 -5.506711239736836916e+01 -5.618621880878296082e+01
1.155000000000000000e+03 9.600000000000000000e+01 -5.511520146288825117e+01 -5.618621880878296082e+01
1.538000000000000000e+03 5.440000000000000000e+02 -5.491257288346643861e+01 -5.618621880878296082e+01
1.544000000000000000e+03 1.600000000000000000e+01 -5.585046996167442757e+01 -6.009310940439148396e+01
1.546000000000000000e+03 1.600000000000000000e+01 -5.595123011086646159e+01 -6.009310940439148396e+01
2.048000000000000000e+03 3.292800000000000000e+04 -5.074291223226521197e+01 -5.227932821317444478e+01
2.049000000000000000e+03 6.080000000000000000e+02 -5.106763588792323816e+01 -5.227932821317444478e+01
2.050000000000000000e+03 6.400000000000000000e+01 -5.529368237982475165e+01 -6.009310940439148396e+01
2.053000000000000000e+03 3.200000000000000000e+01 -5.565809426966389850e+01 -6.009310940439148396e+01
2.056000000000000000e+03 3.292800000000000000e+04 -5.098399132874686757e+01 -5.227932821317444478e+01
2.057000000000000000e+03 6.080000000000000000e+02 -5.115676694099602884e+01 -5.227932821317444478e+01
2.058000000000000000e+03 6.400000000000000000e+01 -5.547859278866364718e+01 -6.009310940439148396e+01
2.058000000000000000e+03 8.192000000000000000e+03 -5.855669342348225115e+01 -6.009310940439148396e+01
2.058000000000000000e+03 8.320000000000000000e+03 -5.489088192435538360e+01 -5.618621880878296082e+01
2.064000000000000000e+03 1.920000000000000000e+02 -5.479928952666440978e+01 -5.618621880878296082e+01
2.066000000000000000e+03 1.920000000000000000e+02 -5.484628899342046537e+01 -5.618621880878296082e+01
2.068000000000000000e+03 1.920000000000000000e+02 -5.506711239736836916e+01 -5.618621880878296082e+01
2.070000000000000000e+03 1.920000000000000000e+02 -5.511520146288825117e+01 -5.618621880878296082e+01
2.306000000000000000e+03 6.400000000000000000e+01 -5.585046996167442757e+01 -6.009310940439148396e+01
2.312000000000000000e+03 2.176000000000000000e+03 -5.491257288346643861e+01 -5.618621880878296082e+01
2.314000000000000000e+03 6.400000000000000000e+01 -5.595123011086646159e+01 -6.009310940439148396e+01
3.073000000000000000e+03 3.200000000000000000e+01 -5.585046996167442757e+01 -6.009310940439148396e+01
3.076000000000000000e+03 1.088000000000000000e+03 -5.491257288346643861e+01 -5.618621880878296082e+01
3.077000000000000000e+03 3.200000000000000000e+01 -5.595123011086646159e+01 -6.009310940439148396e+01
4.100000000000000000e+03 3.040000000000000000e+02 -5.110487023686560093e+01 -5.227932821317444478e+01
4.104000000000000000e+03 3.689600000000000000e+04 -5.100568228785792257e+01 -5.227932821317444478e+01
4.104000000000000000e+03 3.737600000000000000e+04 -5.109733157470915899e+01 -5.227932821317444478e+01
4.104000000000000000e+03 3.740800000000000000e+04 -4.724596283894979365e+01 -4.837243761756592164e+01
4.105000000000000000e+03 3.840000000000000000e+02 -5.501176083247411697e+01 -5.618621880878296082e+01
4.105000000000000000e+03 4.000000000000000000e+02 -5.115338145775756828e+01 -5.227932821317444478e+01
4.105000000000000000e+03 1.216000000000000000e+03 -5.110473205797867990e+01 -5.227932821317444478e+01
4.105000000000000000e+03 8.208000000000000000e+03 -5.497452648353175420e+01 -5.618621880878296082e+01
4.105000000000000000e+03 8.336000000000000000e+03 -5.115676694099602884e+01 -5.227932821317444478e+01
4.105000000000000000e+03 8.448000000000000000e+03 -5.506860341850769203e+01 -5.618621880878296082e+01
4.105000000000000000e+03 8.464000000000000000e+03 -5.121646417497830583e+01 -5.227932821317444478e+01
4.105000000000000000e+03 8.576000000000000000e+03 -5.120505077711296593e+01 -5.227932821317444478e+01
4.105000000000000000e+03 8.592000000000000000e+03 -4.734573172122122031e+01 -4.837243761756592164e+01
4.108000000000000000e+03 3.040000000000000000e+02 -5.115338145775756828e+01 -5.227932821317444478e+01
4.352000000000000000e+03 6.400000000000000000e+01 -5.557812846221456482e+01 -6.009310940439148396e+01
4.354000000000000000e+03 6.400000000000000000e+01 -5.585128288640242999e+01 -6.009310940439148396e+01
4.360000000000000000e+03 6.400000000000000000e+01 -5.567766413576547535e+01 -6.009310940439148396e+01
4.362000000000000000e+03 6.400000000000000000e+01 -5.595081855995334053e+01 -6.009310940439148396e+01
5.120000000000000000e+03 3.040000000000000000e+02 -5.116171282289916888e+01 -5.227932821317444478e+01
5.124000000000000000e+03 3.040000000000000000e+02 -5.120505077711296593e+01 -5.227932821317444478e+01
5.128000000000000000e+03 3.040000000000000000e+02 -5.121646417497830583e+01 -5.227932821317444478e+01
5.132000000000000000e+03 3.040000000000000000e+02 -5.125262231682974345e+01 -5.227932821317444478e+01
6.146000000000000000e+03 6.400000000000000000e+01 -5.574994623824515116e+01 -6.009310940439148396e+01
6.154000000000000000e+03 6.400000000000000000e+01 -5.574501311732803543e+01 -6.009310940439148396e+01
6.400000000000000000e+03 6.400000000000000000e+01 -5.584403973930705689e+01 -6.009310940439148396e+01
6.400000000000000000e+03 2.176000000000000000e+03 -5.500422217031766792e+01 -5.618621880878296082e+01
6.402000000000000000e+03 6.400000000000000000e+01 -5.603790537517441095e+01 -6.009310940439148396e+01
6.408000000000000000e+03 6.400000000000000000e+01 -5.583811525468739489e+01 -6.009310940439148396e+01
6.408000000000000000e+03 2.176000000000000000e+03 -5.505974403016682572e+01 -5.618621880878296082e+01
6.410000000000000000e+03 6.400000000000000000e+01 -5.603100059467372063e+01 -6.009310940439148396e+01
8.193000000000000000e+03 1.235200000000000000e+04 -5.100568228785792257e+01 -5.227932821317444478e+01
8.193000000000000000e+03 1.331200000000000000e+04 -5.109733157470915899e+01 -5.227932821317444478e+01
8.193000000000000000e+03 1.337600000000000000e+04 -4.724596283894979365e+01 -4.837243761756592164e+01
8.195000000000000000e+03 5.280000000000000000e+02 -5.501176083247411697e+01 -5.618621880878296082e+01
8.195000000000000000e+03 5.600000000000000000e+02 -5.115338145775756828e+01 -5.227932821317444478e+01
8.195000000000000000e+03 2.192000000000000000e+03 -5.110473205797867990e+01 -5.227932821317444478e+01
8.195000000000000000e+03 1.641600000000000000e+04 -5.497452648353175420e+01 -5.618621880878296082e+01
8.195000000000000000e+03 1.643200000000000000e+04 -5.115676694099602884e+01 -5.227932821317444478e+01
8.195000000000000000e+03 1.689600000000000000e+04 -5.506860341850769203e+01 -5.618621880878296082e+01
8.195000000000000000e+03 1.691200000000000000e+04 -5.120505077711296593e+01 -5.227932821317444478e+01
8.195000000000000000e+03 1.692800000000000000e+04 -5.121646417497830583e+01 -5.227932821317444478e+01
8.195000000000000000e+03 1.694400000000000000e+04 -4.734573172122122031e+01 -4.837243761756592164e+01
8.200000000000000000e+03 6.080000000000000000e+02 -5.110487023686560093e+01 -5.227932821317444478e+01
8.201000000000000000e+03 6.080000000000000000e+02 -5.115338145775756828e+01 -5.227932821317444478e+01
8.452000000000000000e+03 1.280000000000000000e+02 -5.574994623824515116e+01 -6.009310940439148396e+01
8.453000000000000000e+03 1.280000000000000000e+02 -5.574501311732803543e+01 -6.009310940439148396e+01
8.704000000000000000e+03 1.280000000000000000e+02 -5.557812846221456482e+01 -6.009310940439148396e+01
8.705000000000000000e+03 1.280000000000000000e+02 -5.567766413576547535e+01 -6.009310940439148396e+01
8.708000000000000000e+03 1.280000000000000000e+02 -5.585128288640242999e+01 -6.009310940439148396e+01
8.709000000000000000e+03 1.280000000000000000e+02 -5.595081855995334053e+01 -6.009310940439148396e+01
8.960000000000000000e+03 1.280000000000000000e+02 -5.584403973930705689e+01 -6.009310940439148396e+01
8.960000000000000000e+03 2.720000000000000000e+02 -5.500422217031766792e+01 -5.618621880878296082e+01
8.961000000000000000e+03 1.280000000000000000e+02 -5.583811525468739489e+01 -6.009310940439148396e+01
8.961000000000000000e+03 2.720000000000000000e+02 -5.505974403016682572e+01 -5.618621880878296082e+01
8.964000000000000000e+03 1.280000000000000000e+02 -5.603790537517441095e+01 -6.009310940439148396e+01
8.965000000000000000e+03 1.280000000000000000e+02 -5.603100059467372063e+01 -6.009310940439148396e+01
1.024000000000000000e+04 6.080000000000000000e+02 -5.116171282289916888e+01 -5.227932821317444478e+01
1.024100000000000000e+04 6.080000000000000000e+02 -5.121646417497830583e+01 -5.227932821317444478e+01
1.024800000000000000e+04 6.080000000000000000e+02 -5.120505077711296593e+01 -5.227932821317444478e+01
1.024900000000000000e+04 6.080000000000000000e+02 -5.125262231682974345e+01 -5.227932821317444478e+01
1.638500000000000000e+04 1.216000000000000000e+03 -5.110487023686560093e+01 -5.227932821317444478e+01
1.638600000000000000e+04 2.470400000000000000e+04 -5.100568228785792257e+01 -5.227932821317444478e+01
1.638600000000000000e+04 2.662400000000000000e+04 -5.109733157470915899e+01 -5.227932821317444478e+01
1.638600000000000000e+04 2.675200000000000000e+04 -4.724596283894979365e+01 -4.837243761756592164e+01
1.638700000000000000e+04 1.216000000000000000e+03 -5.115338145775756828e+01 -5.227932821317444478e+01
1.639000000000000000e+04 3.040000000000000000e+02 -5.110473205797867990e+01 -5.227932821317444478e+01
1.639000000000000000e+04 1.056000000000000000e+03 -5.501176083247411697e+01 -5.618621880878296082e+01
1.639000000000000000e+04 1.120000000000000000e+03 -5.115338145775756828e+01 -5.227932821317444478e+01
1.639000000000000000e+04 3.283200000000000000e+04 -5.497452648353175420e+01 -5.618621880878296082e+01
1.639000000000000000e+04 3.286400000000000000e+04 -5.115676694099602884e+01 -5.227932821317444478e+01
1.639000000000000000e+04 3.379200000000000000e+04 -5.506860341850769203e+01 -5.618621880878296082e+01
1.639000000000000000e+04 3.382400000000000000e+04 -5.120505077711296593e+01 -5.227932821317444478e+01
1.639000000000000000e+04 3.385600000000000000e+04 -5.121646417497830583e+01 -5.227932821317444478e+01
1.639000000000000000e+04 3.388800000000000000e+04 -4.734573172122122031e+01 -4.837243761756592164e+01
1.664000000000000000e+04 1.216000000000000000e+03 -5.116171282289916888e+01 -5.227932821317444478e+01
1.664100000000000000e+04 1.216000000000000000e+03 -5.120505077711296593e+01 -5.227932821317444478e+01
1.664200000000000000e+04 1.216000000000000000e+03 -5.121646417497830583e+01 -5.227932821317444478e+01
1.664300000000000000e+04 1.216000000000000000e+03 -5.125262231682974345e+01 -5.227932821317444478e+01
1.690400000000000000e+04 1.600000000000000000e+01 -5.574994623824515116e+01 -6.009310940439148396e+01
1.690600000000000000e+04 1.600000000000000000e+01 -5.574501311732803543e+01 -6.009310940439148396e+01
1.740800000000000000e+04 1.600000000000000000e+01 -5.557812846221456482e+01 -6.009310940439148396e+01
1.741000000000000000e+04 1.600000000000000000e+01 -5.567766413576547535e+01 -6.009310940439148396e+01
1.741600000000000000e+04 1.600000000000000000e+01 -5.585128288640242999e+01 -6.009310940439148396e+01
1.741800000000000000e+04 1.600000000000000000e+01 -5.595081855995334053e+01 -6.009310940439148396e+01
1.792000000000000000e+04 1.600000000000000000e+01 -5.584403973930705689e+01 -6.009310940439148396e+01
1.792000000000000000e+04 5.440000000000000000e+02 -5.500422217031766792e+01 -5.618621880878296082e+01
1.792200000000000000e+04 1.600000000000000000e+01 -5.583811525468739489e+01 -6.009310940439148396e+01
1.792200000000000000e+04 5.440000000000000000e+02 -5.505974403016682572e+01 -5.618621880878296082e+01
1.792800000000000000e+04 1.600000000000000000e+01 -5.603790537517441095e+01 -6.009310940439148396e+01
1.793000000000000000e+04 1.600000000000000000e+01 -5.603100059467372063e+01 -6.009310940439148396e+01
3.277000000000000000e+04 2.192000000000000000e+03 -5.110487023686560093e+01 -5.227932821317444478e+01
3.277200000000000000e+04 4.916800000000000000e+04 -5.100568228785792257e+01 -5.227932821317444478e+01
3.277200000000000000e+04 4.940800000000000000e+04 -5.109733157470915899e+01 -5.227932821317444478e+01
3.277200000000000000e+04 4.942400000000000000e+04 -4.724596283894979365e+01 -4.837243761756592164e+01
3.277400000000000000e+04 2.192000000000000000e+03 -5.115338145775756828e+01 -5.227932821317444478e+01
3.278000000000000000e+04 6.080000000000000000e+02 -5.110473205797867990e+01 -5.227932821317444478e+01
3.278000000000000000e+04 2.112000000000000000e+03 -5.501176083247411697e+01 -5.618621880878296082e+01
3.278000000000000000e+04 2.240000000000000000e+03 -5.115338145775756828e+01 -5.227932821317444478e+01
3.278000000000000000e+04 4.224000000000000000e+03 -5.497452648353175420e+01 -5.618621880878296082e+01
3.278000000000000000e+04 4.288000000000000000e+03 -5.115676694099602884e+01 -5.227932821317444478e+01
3.278000000000000000e+04 6.144000000000000000e+03 -5.506860341850769203e+01 -5.618621880878296082e+01
3.278000000000000000e+04 6.208000000000000000e+03 -5.120505077711296593e+01 -5.227932821317444478e+01
3.278000000000000000e+04 6.272000000000000000e+03 -5.121646417497830583e+01 -5.227932821317444478e+01
3.278000000000000000e+04 6.336000000000000000e+03 -4.734573172122122031e+01 -4.837243761756592164e+01
3.328000000000000000e+04 2.192000000000000000e+03 -5.116171282289916888e+01 -5.227932821317444478e+01
3.328200000000000000e+04 2.192000000000000000e+03 -5.120505077711296593e+01 -5.227932821317444478e+01
3.328400000000000000e+04 2.192000000000000000e+03 -5.121646417497830583e+01 -5.227932821317444478e+01
3.328600000000000000e+04 2.192000000000000000e+03 -5.125262231682974345e+01 -5.227932821317444478e+01
3.379300000000000000e+04 3.200000000000000000e+01 -5.574994623824515116e+01 -6.009310940439148396e+01
3.379700000000000000e+04 3.200000000000000000e+01 -5.574501311732803543e+01 -6.009310940439148396e+01
3.481600000000000000e+04 3.200000000000000000e+01 -5.557812846221456482e+01 -6.009310940439148396e+01
3.481700000000000000e+04 3.200000000000000000e+01 -5.585128288640242999e+01 -6.009310940439148396e+01
3.482000000000000000e+04 3.200000000000000000e+01 -5.567766413576547535e+01 -6.009310940439148396e+01
3.482100000000000000e+04 3.200000000000000000e+01 -5.595081855995334053e+01 -6.009310940439148396e+01
3.584000000000000000e+04 3.200000000000000000e+01 -5.584403973930705689e+01 -6.009310940439148396e+01
3.584000000000000000e+04 1.088000000000000000e+03 -5.500422217031766792e+01 -5.618621880878296082e+01
3.584100000000000000e+04 3.200000000000000000e+01 -5.603790537517441095e+01 -6.009310940439148396e+01
3.584400000000000000e+04 3.200000000000000000e+01 -5.583811525468739489e+01 -6.009310940439148396e+01
3.584400000000000000e+04 1.088000000000000000e+03 -5.505974403016682572e+01 -5.618621880878296082e+01
3.584500000000000000e+04 3.200000000000000000e+01 -5.603100059467372063e+01 -6.009310940439148396e+01
